3 0.6740740734374999 0.2109375 0.6648148140625 0.21614583281250002 0.6583333328125 0.23072916718749997 0.647222221875 0.2932291671875 0.6509259265625 0.3036458328125 0.6601851859375001 0.309375 0.684259259375 0.3125 0.7231481484375 0.3234375 0.7453703703125 0.3255208328125 0.7583333328124999 0.3229166671875 0.784259259375 0.31197916718749996 0.8046296296875 0.2984375 0.8175925921875 0.2854166671875 0.828703703125 0.2666666671875 0.8259259265625 0.2270833328125 0.821296296875 0.215625 0.7925925921875 0.1989583328125 0.771296296875 0.19583333281249998 0.7212962968750001 0.1953125 0.709259259375 0.1994791671875 0.6981481484375001 0.2104166671875 0.6740740734374999 0.2109375
3 0.44166666718750003 0.21510416718749997 0.43148148124999997 0.2260416671875 0.427777778125 0.3036458328125 0.4379629625 0.315625 0.44351851875000003 0.3182291671875 0.47222222187499996 0.32083333281250004 0.5074074078125 0.3328125 0.5361111109375 0.3338541671875 0.55648148125 0.3291666671875 0.5833333328125 0.315625 0.6074074078125 0.290625 0.6148148140624999 0.2682291671875 0.6083333328125 0.2427083328125 0.609259259375 0.2265625 0.6 0.2166666671875 0.58055555625 0.2088541671875 0.5638888890625 0.1984375 0.490740740625 0.1963541671875 0.4796296296875 0.2 0.46944444374999994 0.21197916718749998 0.44166666718750003 0.21510416718749997
3 0.2009259265625 0.2166666671875 0.1888888890625 0.22552083281250002 0.1888888890625 0.2598958328125 0.197222221875 0.3161458328125 0.2009259265625 0.32083333281250004 0.21296296250000002 0.3255208328125 0.2379629625 0.328125 0.2925925921875 0.3421875 0.31759259218749997 0.34322916718749996 0.3481481484375 0.3348958328125 0.3583333328125 0.3296875 0.3703703703125 0.32083333281250004 0.384259259375 0.3036458328125 0.38703703749999996 0.2760416671875 0.378703703125 0.228125 0.371296296875 0.21979166718749998 0.3574074078125 0.2125 0.340740740625 0.209375 0.32777777812500003 0.1989583328125 0.2740740734375 0.1979166671875 0.240740740625 0.1994791671875 0.22870370312500002 0.2140625 0.2009259265625 0.2166666671875
3 0 0.3385416671875 0.0129629625 0.34375 0.04444444375 0.3494791671875 0.0638888890625 0.35 0.08518518593749999 0.3473958328125 0.10648148125000001 0.3411458328125 0.1268518515625 0.328125 0.1379629625 0.315625 0.140740740625 0.3026041671875 0.1268518515625 0.23854166718749997 0.11574074062499999 0.22552083281250002 0.0916666671875 0.2192708328125 0.0629629625 0.2078125 0.0490740734375 0.2052083328125 0.0083333328125 0.203125 0 0.20416666718749998 0 0.3385416671875
3 0 0.5296875 0.0296296296875 0.5364583328125 0.060185185937499996 0.540625 0.097222221875 0.540625 0.1231481484375 0.5348958328125 0.14351851875 0.5244791671875 0.1574074078125 0.5109375 0.1611111109375 0.49375 0.1518518515625 0.45677083281249997 0.14444444375 0.4421875 0.13703703750000001 0.4375 0.1129629625 0.43333333281249997 0.09351851875 0.42604166718750003 0.060185185937499996 0.42552083281249997 0.022222221875 0.42760416718750005 0 0.4421875 0 0.5296875
3 0.21851851875 0.43385416718750003 0.20833333281250002 0.44114583281249997 0.20648148125 0.46770833281249996 0.21203703749999997 0.503125 0.21851851875 0.5098958328125 0.2416666671875 0.5130208328125 0.2638888890625 0.5213541671875 0.2898148140625 0.525 0.3046296296875 0.525 0.322222221875 0.5213541671875 0.3490740734375 0.509375 0.36851851875 0.49322916718750004 0.372222221875 0.478125 0.3638888890625 0.4546875 0.3638888890625 0.4447916671875 0.3574074078125 0.43125 0.352777778125 0.428125 0.33148148125 0.42395833281249995 0.3120370375 0.415625 0.2740740734375 0.4140625 0.2546296296875 0.41822916718750003 0.24444444375000002 0.4244791671875 0.21851851875 0.43385416718750003
3 0.43240740781250003 0.42760416718750005 0.4268518515625 0.4328125 0.42314814843750004 0.45 0.42129629687500003 0.484375 0.42592592656250006 0.49375 0.4574074078125 0.5010416671875 0.46944444374999994 0.5067708328125 0.4916666671875 0.5109375 0.5166666671875 0.509375 0.54351851875 0.4984375 0.5648148140625 0.48229166718750005 0.5731481484375001 0.4692708328125 0.5666666671875 0.4296875 0.559259259375 0.41979166718750005 0.5305555562500001 0.40729166718750004 0.5046296296875 0.40625 0.46851851875 0.409375 0.44259259218749997 0.425 0.43240740781250003 0.42760416718750005
3 0.6518518515625 0.41302083281249996 0.634259259375 0.4171875 0.6231481484375 0.44322916718750005 0.6203703703125 0.48125 0.634259259375 0.4828125 0.6611111109375 0.4921875 0.6796296296875 0.4953125 0.70648148125 0.49375 0.734259259375 0.4838541671875 0.7518518515625 0.4692708328125 0.7629629625 0.45416666718750004 0.7601851859375001 0.415625 0.7351851859375 0.4010416671875 0.7203703703125 0.39791666718749996 0.7083333328125 0.39791666718749996 0.66851851875 0.40260416718750003 0.6601851859375001 0.4057291671875 0.6518518515625 0.41302083281249996
3 0.0268518515625 0.6338541671875 0.027777778125000003 0.6703125 0.05 0.684375 0.061111110937500004 0.6869791671875001 0.1 0.6885416671875 0.125 0.6848958328125 0.1518518515625 0.671875 0.1675925921875 0.6572916671875 0.16851851874999998 0.6427083328125 0.16388888906250001 0.6239583328125 0.15370370312499998 0.6067708328125 0.125 0.6010416671875001 0.1129629625 0.5963541671875 0.09629629687499999 0.5958333328125 0.0509259265625 0.6020833328124999 0.030555556249999997 0.6213541671875 0.0268518515625 0.6338541671875
3 0.2296296296875 0.596875 0.21574074062499998 0.6088541671875001 0.22407407343750002 0.659375 0.2870370375 0.6723958328124999 0.3083333328125 0.671875 0.3398148140625 0.6604166671875 0.35925925937500003 0.6463541671875 0.36666666718749996 0.634375 0.36296296250000004 0.6057291671875 0.35648148125 0.5921875 0.3166666671875 0.5807291671875 0.3 0.5802083328125 0.2740740734375 0.58125 0.2611111109375 0.5838541671875 0.2296296296875 0.596875
3 0.4138888890625 0.5880208328125 0.409259259375 0.6 0.4074074078125 0.6328125 0.41851851875 0.6442708328125 0.45555555625000005 0.6541666671875 0.48333333281249996 0.6567708328124999 0.515740740625 0.6479166671875001 0.5388888890625 0.6338541671875 0.546296296875 0.6223958328125 0.54351851875 0.6010416671875001 0.5388888890625 0.5833333328125 0.5314814812499999 0.5776041671875001 0.51944444375 0.575 0.50555555625 0.5682291671875 0.46388888906250003 0.5677083328125 0.45277777812500003 0.5692708328125 0.427777778125 0.5786458328124999 0.4138888890625 0.5880208328125
3 0.5916666671875 0.5817708328125 0.5916666671875 0.6197916671875 0.609259259375 0.6322916671875001 0.6203703703125 0.6354166671875 0.652777778125 0.6369791671875 0.6805555562500001 0.6317708328125 0.7009259265625001 0.6213541671875 0.7138888890625 0.6083333328125 0.7129629625 0.5708333328124999 0.7101851859375 0.5661458328125 0.6833333328125 0.5546875 0.6629629625 0.5541666671875001 0.63055555625 0.5583333328125 0.6018518515625 0.571875 0.5916666671875 0.5817708328125
3 0.5648148140625 0.69375 0.559259259375 0.696875 0.5527777781250001 0.7265625 0.5527777781250001 0.7395833328125 0.5583333328125 0.7458333328125 0.5722222218749999 0.7463541671875 0.590740740625 0.7541666671875 0.6203703703125 0.7557291671875 0.6398148140625 0.7520833328125 0.6555555562500001 0.7463541671875 0.675 0.7328125 0.6796296296875 0.7276041671875 0.6805555562500001 0.7177083328125 0.6740740734374999 0.7088541671875 0.6740740734374999 0.6885416671875 0.66944444375 0.684375 0.652777778125 0.6833333328125 0.646296296875 0.6786458328125 0.6388888890625 0.678125 0.5935185187500001 0.6833333328125 0.5879629625 0.6911458328125 0.5648148140625 0.69375
3 0.40092592656250003 0.7473958328125 0.403703703125 0.7583333328124999 0.43240740781250003 0.7723958328125 0.465740740625 0.7744791671875 0.477777778125 0.7723958328125 0.5018518515625 0.7614583328125 0.5203703703125 0.7463541671875 0.51944444375 0.725 0.5138888890625 0.709375 0.4953703703125 0.7036458328124999 0.4768518515625 0.7020833328125 0.4361111109375 0.7057291671875 0.403703703125 0.7213541671875 0.40092592656250003 0.7473958328125
3 0.25740740781250004 0.7234375 0.2398148140625 0.7255208328125 0.22685185156249998 0.7302083328125 0.23240740781250002 0.7770833328125 0.2675925921875 0.7895833328124999 0.3009259265625 0.790625 0.328703703125 0.7838541671875 0.3398148140625 0.7786458328125 0.35925925937500003 0.7619791671875 0.3583333328125 0.725 0.352777778125 0.7182291671875001 0.3481481484375 0.715625 0.33055555625 0.7161458328125 0.322222221875 0.7109375 0.3111111109375 0.7104166671875001 0.2638888890625 0.7151041671875 0.259259259375 0.7171875 0.25740740781250004 0.7234375
3 0.0416666671875 0.7583333328124999 0.055555556250000006 0.7973958328124999 0.0629629625 0.8026041671874999 0.08796296249999999 0.8109375 0.1175925921875 0.8109375 0.13888888906250002 0.8072916671874999 0.15648148125 0.7984375 0.177777778125 0.7817708328124999 0.17962962968750001 0.765625 0.1740740734375 0.74375 0.16388888906250001 0.7369791671875 0.1481481484375 0.7317708328125 0.125 0.7291666671875 0.077777778125 0.7364583328125 0.046296296875 0.753125 0.0416666671875 0.7583333328124999