3 0.6416666671875 0.6916666671875 0.6333333328124999 0.696875 0.627777778125 0.7072916671875 0.6240740734375 0.7364583328125 0.628703703125 0.7442708328125 0.6333333328124999 0.7473958328125 0.646296296875 0.7484375 0.66944444375 0.7552083328125 0.696296296875 0.7546875 0.7212962968750001 0.746875 0.7398148140624999 0.7348958328124999 0.75 0.7223958328125 0.7481481484375 0.6958333328124999 0.7416666671875001 0.6838541671875 0.7240740734375 0.6776041671875 0.696296296875 0.6765625 0.6740740734374999 0.6791666671875001 0.6583333328125 0.6875 0.6416666671875 0.6916666671875
3 0.5101851859375001 0.7057291671875 0.4879629625 0.7083333328125 0.48055555625 0.7119791671875 0.47407407343749997 0.7557291671875 0.48055555625 0.7619791671875 0.4981481484375 0.7619791671875 0.509259259375 0.7682291671875 0.5203703703125 0.7708333328125 0.5481481484375 0.7708333328125 0.5768518515625 0.7619791671875 0.5990740734375 0.7453125 0.602777778125 0.7328125 0.5962962968750001 0.7229166671875 0.597222221875 0.703125 0.5916666671875 0.6979166671875 0.5731481484375001 0.696875 0.5694444437499999 0.6921875 0.5611111109375 0.6916666671875 0.515740740625 0.6973958328125 0.5111111109375 0.7 0.5101851859375001 0.7057291671875
3 0.32592592656249997 0.7270833328124999 0.3166666671875 0.73125 0.3148148140625 0.7765625 0.3203703703125 0.7828125 0.33703703749999997 0.7838541671875 0.35648148125 0.7916666671875 0.38055555625 0.7927083328125 0.40648148125 0.7880208328125 0.4296296296875 0.7786458328125 0.44351851875000003 0.7661458328124999 0.44629629687500005 0.7598958328125 0.44629629687500005 0.7520833328125 0.44166666718750003 0.7447916671875 0.44166666718750003 0.7229166671875 0.4361111109375 0.7171875 0.4129629625 0.7166666671875 0.41018518593750003 0.7119791671875 0.403703703125 0.7114583328124999 0.3518518515625 0.7171875 0.3481481484375 0.725 0.32592592656249997 0.7270833328124999
3 0.146296296875 0.7505208328124999 0.1361111109375 0.7567708328125 0.14444444375 0.8036458328125 0.1490740734375 0.8067708328125001 0.17962962968750001 0.815625 0.21574074062499998 0.8161458328125001 0.23148148124999998 0.8130208328125 0.25555555625 0.8036458328125 0.2731481484375 0.7885416671875001 0.275 0.7822916671875 0.26944444375 0.7677083328125 0.26851851875 0.7427083328124999 0.2611111109375 0.7380208328125 0.2416666671875 0.7380208328125 0.234259259375 0.7328125 0.225 0.7328125 0.171296296875 0.7395833328125 0.16851851874999998 0.7479166671875 0.146296296875 0.7505208328124999
3 0 0.8432291671875 0.002777778125 0.84375 0.03148148125 0.8432291671875 0.051851851562499995 0.8390625 0.0759259265625 0.8286458328125 0.09629629687499999 0.8119791671875 0.0925925921875 0.7755208328125 0.0861111109375 0.7635416671875 0.07962962968750001 0.7609375 0.059259259375 0.7619791671875 0.05 0.7557291671875 0.037037037499999995 0.7557291671875 0 0.7604166671875 0 0.8432291671875
3 0 0.7171875 0.004629629687499999 0.7177083328125 0.013888889062500001 0.7177083328125 0.04351851875 0.7098958328125 0.0648148140625 0.6979166671875 0.08055555625000001 0.6833333328125 0.08055555625000001 0.6708333328125 0.065740740625 0.6317708328125 0.051851851562499995 0.625 0.039814814062499995 0.6239583328125 0.025 0.6182291671875 0.0111111109375 0.6161458328125 0 0.6177083328124999 0 0.7171875
3 0.16388888906250001 0.6119791671875 0.13703703750000001 0.6145833328125 0.1268518515625 0.6182291671875 0.125 0.6260416671875 0.13055555624999998 0.6708333328125 0.13888888906250002 0.6822916671875 0.1574074078125 0.6833333328125 0.16944444375 0.6890625 0.1833333328125 0.6916666671875 0.2166666671875 0.6921875 0.2453703703125 0.6838541671875 0.2629629625 0.675 0.2731481484375 0.6661458328125 0.2796296296875 0.6578125 0.28055555625 0.6489583328124999 0.2703703703125 0.6072916671875 0.26203703749999996 0.6020833328124999 0.2398148140625 0.6020833328124999 0.23518518593749999 0.5947916671875 0.22685185156249998 0.5947916671875 0.1666666671875 0.6015625 0.1620370375 0.6036458328125 0.16388888906250001 0.6119791671875
3 0.3231481484375 0.6270833328125 0.3231481484375 0.6552083328125 0.32592592656249997 0.6604166671875 0.35555555625 0.6671875 0.36666666718749996 0.671875 0.3925925921875 0.6755208328125 0.4166666671875 0.671875 0.44259259218749997 0.6609375 0.4611111109375 0.646875 0.4675925921875 0.6348958328125 0.45555555625000005 0.5958333328125 0.42870370312499995 0.5885416671875 0.41851851875 0.5833333328125 0.40092592656250003 0.5828125 0.3648148140625 0.5890625 0.328703703125 0.6052083328125 0.3231481484375 0.6270833328125
3 0.5166666671875 0.5828125 0.50555555625 0.5953125 0.502777778125 0.6348958328125 0.5083333328124999 0.6385416671875 0.5203703703125 0.6401041671875001 0.534259259375 0.6479166671875001 0.5731481484375001 0.6505208328125 0.5962962968750001 0.646875 0.621296296875 0.6338541671875 0.634259259375 0.6192708328125 0.634259259375 0.6052083328125 0.628703703125 0.5953125 0.6268518515625 0.5817708328125 0.6074074078125 0.56875 0.578703703125 0.5666666671875 0.546296296875 0.56875 0.534259259375 0.5776041671875001 0.5166666671875 0.5828125
3 0.6759259265625001 0.5708333328124999 0.665740740625 0.5958333328125 0.665740740625 0.6192708328125 0.672222221875 0.6244791671875001 0.6851851859375 0.6265625 0.7083333328125 0.634375 0.7361111109375 0.6369791671875 0.7518518515625 0.6333333328124999 0.772222221875 0.6234375 0.7888888890625 0.6078125 0.79351851875 0.596875 0.7898148140625 0.5708333328124999 0.7814814812499999 0.5588541671875 0.772222221875 0.5557291671875 0.7185185187500001 0.5546875 0.6981481484375001 0.5630208328124999 0.6824074078125 0.565625 0.6759259265625001 0.5708333328124999
3 0.722222221875 0.41822916718750003 0.7083333328125 0.4739583328125 0.7111111109375 0.48020833281249997 0.7194444437499999 0.4838541671875 0.74444444375 0.48645833281249995 0.771296296875 0.49322916718750004 0.7870370375 0.4947916671875 0.8222222218749999 0.4848958328125 0.8444444437499999 0.4713541671875 0.8574074078124999 0.45677083281249997 0.8601851859374999 0.4427083328125 0.8546296296874999 0.4166666671875 0.8398148140625 0.40208333281249997 0.8111111109375001 0.3963541671875 0.772222221875 0.3963541671875 0.75648148125 0.4 0.7333333328125 0.40989583281249997 0.722222221875 0.41822916718750003
3 0.5425925921875 0.4244791671875 0.5370370375 0.43072916718750004 0.534259259375 0.44114583281249997 0.5296296296875 0.4739583328125 0.5314814812499999 0.49114583281249996 0.60555555625 0.5067708328125 0.6453703703125 0.49322916718750004 0.6620370375 0.48125 0.6731481484375 0.46302083281249995 0.6703703703125 0.43958333281249995 0.6611111109375 0.41979166718750005 0.640740740625 0.40833333281249995 0.634259259375 0.4057291671875 0.6268518515625 0.4057291671875 0.6 0.40833333281249995 0.58055555625 0.4067708328125 0.5425925921875 0.4244791671875
3 0.34351851875 0.43541666718750005 0.3333333328125 0.44375 0.3296296296875 0.49427083281249995 0.3333333328125 0.5072916671875001 0.33888888906250003 0.5104166671875 0.3583333328125 0.5114583328125 0.384259259375 0.5192708328125 0.4046296296875 0.521875 0.43240740781250003 0.5197916671875 0.459259259375 0.5098958328125 0.4824074078125 0.49427083281249995 0.48981481406249994 0.48125 0.48981481406249994 0.4661458328125 0.478703703125 0.43125 0.45277777812500003 0.42291666718750004 0.44259259218749997 0.41614583281249995 0.4240740734375 0.41614583281249995 0.39444444375 0.41770833281249997 0.378703703125 0.421875 0.34351851875 0.43541666718750005
3 0.1231481484375 0.44375 0.1101851859375 0.4484375 0.1129629625 0.5151041671875001 0.1175925921875 0.5244791671875 0.125 0.528125 0.15092592656249998 0.528125 0.16851851874999998 0.534375 0.1981481484375 0.5385416671875001 0.2175925921875 0.5390625 0.25555555625 0.5270833328125 0.2759259265625 0.5135416671875 0.2870370375 0.4947916671875 0.2768518515625 0.44375 0.2666666671875 0.4369791671875 0.2453703703125 0.4359375 0.23240740781250002 0.42552083281249997 0.222222221875 0.425 0.1518518515625 0.4302083328125 0.15092592656249998 0.44166666718750003 0.1231481484375 0.44375
3 0.0675925921875 0.5244791671875 0.06944444375 0.5151041671875001 0.060185185937499996 0.4916666671875 0.055555556250000006 0.4671875 0.0490740734375 0.4578125 0.0379629625 0.45104166718750005 0.0111111109375 0.44895833281249997 0 0.4458333328125 0.0018518515625 0.5619791671875001 0.0324074078125 0.5510416671875 0.061111110937500004 0.5333333328125 0.0675925921875 0.5244791671875
3 0.1416666671875 0.2203125 0.10648148125000001 0.22135416718749998 0.09074074062500001 0.22760416718749998 0.0990740734375 0.31197916718749996 0.1074074078125 0.3255208328125 0.1166666671875 0.3307291671875 0.14444444375 0.3307291671875 0.190740740625 0.3380208328125 0.21203703749999997 0.3380208328125 0.272222221875 0.32083333281250004 0.2824074078125 0.3140625 0.2925925921875 0.2911458328125 0.2833333328125 0.23020833281250003 0.26851851875 0.2208333328125 0.24722222187499998 0.21875 0.23240740781250002 0.20416666718749998 0.21111111093749999 0.203125 0.1425925921875 0.2036458328125 0.13981481406250001 0.20572916718749998 0.1416666671875 0.2203125
3 0.39074074062499997 0.2166666671875 0.3583333328125 0.21770833281250002 0.34444444375 0.2260416671875 0.3416666671875 0.3046875 0.34444444375 0.3140625 0.35555555625 0.321875 0.378703703125 0.3223958328125 0.38703703749999996 0.31979166718749996 0.3981481484375 0.31979166718749996 0.4268518515625 0.32760416718749996 0.4546296296875 0.328125 0.4768518515625 0.3223958328125 0.5018518515625 0.3125 0.521296296875 0.2953125 0.5296296296875 0.2765625 0.5296296296875 0.2635416671875 0.522222221875 0.24322916718749998 0.522222221875 0.225 0.509259259375 0.2171875 0.4953703703125 0.21458333281250003 0.4796296296875 0.2015625 0.4601851859375 0.2 0.39444444375 0.2010416671875 0.39074074062499997 0.203125 0.39074074062499997 0.2166666671875
3 0.615740740625 0.2140625 0.5870370375 0.21458333281250003 0.5768518515625 0.2192708328125 0.5722222218749999 0.2244791671875 0.5601851859375 0.3026041671875 0.5666666671875 0.3098958328125 0.578703703125 0.3151041671875 0.5925925921874999 0.3145833328125 0.5935185187500001 0.31197916718749996 0.5990740734375 0.3109375 0.6129629624999999 0.3109375 0.64351851875 0.3192708328125 0.6611111109375 0.3203125 0.7074074078125 0.3078125 0.7351851859375 0.2822916671875 0.74351851875 0.2645833328125 0.7416666671875001 0.2515625 0.734259259375 0.24114583281250002 0.7361111109375 0.22291666718749997 0.7324074078125 0.21875 0.7185185187500001 0.2130208328125 0.7120370375 0.20572916718749998 0.6981481484375001 0.1994791671875 0.628703703125 0.1989583328125 0.6203703703125 0.2 0.6175925921875 0.2026041671875 0.615740740625 0.2140625
3 0.7953703703125 0.2130208328125 0.7833333328125 0.2203125 0.7620370375000001 0.290625 0.7629629625 0.3 0.7740740734375 0.3072916671875 0.815740740625 0.3083333328125 0.8453703703125001 0.3151041671875 0.86851851875 0.3140625 0.9037037031249999 0.3 0.909259259375 0.2927083328125 0.9305555562500001 0.2776041671875 0.9370370375 0.26614583281250004 0.9388888890624999 0.2526041671875 0.9333333328125001 0.240625 0.9305555562500001 0.2171875 0.9138888890624999 0.20416666718749998 0.9 0.1989583328125 0.852777778125 0.1973958328125 0.827777778125 0.1989583328125 0.8203703703125 0.2114583328125 0.7953703703125 0.2130208328125