3 0.647222221875 0.6880208328124999 0.640740740625 0.6984375 0.6333333328124999 0.7234375 0.6324074078125 0.734375 0.6379629625 0.7390625 0.6555555562500001 0.7390625 0.6768518515624999 0.7473958328125 0.6990740734374999 0.7484375 0.734259259375 0.7369791671875 0.7518518515625 0.7234375 0.7574074078125 0.7161458328125 0.75648148125 0.70625 0.7509259265625 0.7005208328125 0.752777778125 0.6817708328125 0.7453703703125 0.6765625 0.7361111109375 0.6755208328125 0.728703703125 0.6708333328125 0.722222221875 0.6703125 0.6759259265625001 0.6765625 0.66944444375 0.684375 0.647222221875 0.6880208328124999
3 0.49259259218749996 0.7104166671875001 0.48425925937500003 0.7463541671875 0.48518518593750004 0.7552083328125 0.490740740625 0.7604166671875 0.5101851859375001 0.7614583328125 0.527777778125 0.7677083328125 0.559259259375 0.7692708328125 0.5888888890625 0.759375 0.60555555625 0.7473958328125 0.6138888890625 0.734375 0.609259259375 0.7213541671875 0.6083333328125 0.7015625 0.5953703703125 0.6942708328125 0.5824074078125 0.6932291671875 0.578703703125 0.6911458328125 0.5629629625 0.6911458328125 0.5296296296875 0.6953125 0.515740740625 0.7041666671875 0.49259259218749996 0.7104166671875001
3 0.33703703749999997 0.7270833328124999 0.328703703125 0.7307291671875 0.325 0.7723958328125 0.3324074078125 0.7833333328125 0.3481481484375 0.7838541671875 0.3703703703125 0.7916666671875 0.4018518515625 0.7916666671875 0.43240740781250003 0.7817708328124999 0.45277777812500003 0.7666666671875 0.4583333328125 0.7583333328124999 0.4583333328125 0.7494791671875001 0.45277777812500003 0.7432291671875 0.4546296296875 0.725 0.4509259265625 0.71875 0.44166666718750003 0.7140625 0.4268518515625 0.7151041671875 0.4240740734375 0.7104166671875001 0.409259259375 0.7104166671875001 0.3620370375 0.715625 0.3583333328125 0.7244791671875 0.33703703749999997 0.7270833328124999
3 0.15555555625 0.753125 0.146296296875 0.7567708328125 0.15 0.8015625 0.1574074078125 0.8088541671874999 0.175 0.8119791671875 0.1870370375 0.8171875 0.2259259265625 0.81875 0.24444444375000002 0.8151041671874999 0.26944444375 0.8041666671875 0.2870370375 0.7875 0.28796296250000003 0.7770833328125 0.284259259375 0.771875 0.2824074078125 0.7463541671875 0.27870370312500004 0.7401041671875 0.271296296875 0.7375 0.252777778125 0.7380208328125 0.24722222187499998 0.7338541671875001 0.2388888890625 0.7333333328125 0.1851851859375 0.7401041671875 0.1824074078125 0.7484375 0.15555555625 0.753125
3 0.034259259375000004 0.8458333328125001 0.058333332812500006 0.8427083328125 0.09351851875 0.83125 0.109259259375 0.8161458328125001 0.10833333281249999 0.7916666671875 0.097222221875 0.7645833328125 0.0898148140625 0.7625 0.0740740734375 0.7630208328125 0.0574074078125 0.7583333328124999 0 0.7651041671875001 0.0018518515625 0.8453125 0.034259259375000004 0.8458333328125001
3 0.0240740734375 0.7166666671875 0.03148148125 0.7151041671875 0.040740740625 0.7088541671875 0.052777778124999994 0.7088541671875 0.071296296875 0.7046875 0.0925925921875 0.6947916671875001 0.10370370312499999 0.6807291671875 0.0916666671875 0.6333333328124999 0.077777778125 0.6244791671875001 0.05 0.6234375 0.039814814062499995 0.6166666671875001 0.034259259375000004 0.6161458328125 0 0.6192708328125 0.0009259265625 0.7166666671875 0.0240740734375 0.7166666671875
3 0 0.5578125 0.013888889062500001 0.5567708328125 0.052777778124999994 0.540625 0.061111110937500004 0.534375 0.077777778125 0.528125 0.08425925937499999 0.5192708328125 0.0824074078125 0.5026041671875 0.071296296875 0.48645833281249995 0.06944444375 0.45989583281249996 0.0638888890625 0.4536458328125 0.0546296296875 0.4484375 0.028703703125 0.44739583281249995 0.015740740625 0.4375 0.0083333328125 0.4369791671875 0 0.4375 0 0.5578125
3 0.14444444375 0.440625 0.1268518515625 0.44635416718750004 0.13148148125 0.5140625 0.1361111109375 0.5213541671875 0.14444444375 0.5265625 0.2148148140625 0.5364583328125 0.240740740625 0.5364583328125 0.284259259375 0.5239583328124999 0.29722222187499997 0.5140625 0.30648148124999997 0.5026041671875 0.3083333328125 0.4947916671875 0.3009259265625 0.4447916671875 0.2898148140625 0.43385416718750003 0.2675925921875 0.4302083328125 0.252777778125 0.4223958328125 0.2453703703125 0.421875 0.171296296875 0.4265625 0.172222221875 0.43854166718750004 0.14444444375 0.440625
3 0.15277777812499999 0.6130208328125 0.1416666671875 0.6171875 0.146296296875 0.6760416671875 0.15277777812499999 0.6822916671875 0.172222221875 0.6833333328125 0.1870370375 0.6895833328125 0.2018518515625 0.6916666671875 0.2259259265625 0.6927083328125 0.2398148140625 0.6911458328125 0.2740740734375 0.6765625 0.29444444375 0.6598958328125 0.29722222187499997 0.6453125 0.2898148140625 0.63125 0.28796296250000003 0.6072916671875 0.28055555625 0.6015625 0.259259259375 0.6010416671875001 0.24907407343750002 0.5942708328124999 0.240740740625 0.59375 0.18055555625 0.6005208328125 0.1759259265625 0.6114583328125 0.15277777812499999 0.6130208328125
3 0.35555555625 0.5932291671875001 0.340740740625 0.603125 0.33703703749999997 0.6125 0.3361111109375 0.6348958328125 0.33888888906250003 0.659375 0.3583333328125 0.6609375 0.3953703703125 0.66875 0.40833333281249995 0.66875 0.4453703703125 0.6598958328125 0.46851851875 0.6458333328125 0.4768518515625 0.634375 0.4768518515625 0.6291666671875 0.4675925921875 0.596875 0.44259259218749997 0.5828125 0.43055555625 0.5802083328125 0.4166666671875 0.5802083328125 0.3925925921875 0.5817708328125 0.3796296296875 0.5848958328125 0.35555555625 0.5932291671875001
3 0.5518518515624999 0.5723958328125 0.5296296296875 0.5744791671875 0.521296296875 0.578125 0.509259259375 0.6265625 0.5120370375000001 0.6354166671875 0.5166666671875 0.6390625 0.5287037031249999 0.6364583328125 0.5416666671875 0.6385416671875 0.55 0.64375 0.5611111109375 0.6463541671875 0.590740740625 0.6473958328125 0.6268518515625 0.6369791671875 0.6481481484375 0.6177083328124999 0.6518518515625 0.603125 0.640740740625 0.590625 0.6453703703125 0.5734375 0.6361111109375 0.5666666671875 0.6240740734375 0.5651041671875 0.615740740625 0.5598958328125 0.5953703703125 0.5598958328125 0.5583333328125 0.5625 0.5527777781250001 0.5651041671875 0.5518518515624999 0.5723958328125
3 0.7166666671875 0.55625 0.6916666671875 0.559375 0.6833333328125 0.5640625 0.6703703703125 0.6052083328125 0.6703703703125 0.6151041671875 0.6796296296875 0.6213541671875 0.703703703125 0.6203125 0.728703703125 0.6291666671875 0.7509259265625 0.6291666671875 0.7851851859375001 0.6182291671875 0.8027777781250001 0.6036458328125 0.8111111109375001 0.5916666671875 0.8111111109375001 0.5833333328125 0.803703703125 0.5734375 0.8046296296875 0.5567708328125 0.7953703703125 0.5505208328125 0.777777778125 0.54375 0.759259259375 0.5432291671875 0.725 0.5463541671875001 0.7166666671875 0.5505208328125 0.7166666671875 0.55625
3 0.7481481484375 0.4036458328125 0.7370370375 0.40989583281249997 0.7175925921874999 0.4671875 0.7203703703125 0.4734375 0.7268518515625 0.4770833328125 0.7620370375000001 0.4765625 0.76851851875 0.48072916718750003 0.7870370375 0.4859375 0.8074074078125 0.4859375 0.8416666671874999 0.475 0.865740740625 0.4557291671875 0.872222221875 0.4453125 0.872222221875 0.4322916671875 0.8648148140625 0.421875 0.865740740625 0.4036458328125 0.8453703703125001 0.3958333328125 0.8129629625 0.3942708328125 0.7796296296875 0.3953125 0.76944444375 0.40208333281249997 0.7481481484375 0.4036458328125
3 0.5824074078125 0.4125 0.5648148140625 0.4166666671875 0.5527777781250001 0.4296875 0.54444444375 0.48125 0.559259259375 0.49010416718750005 0.60648148125 0.5005208328124999 0.63055555625 0.5 0.6546296296875 0.4947916671875 0.6777777781250001 0.48072916718750003 0.6953703703125 0.45677083281249997 0.6861111109375 0.415625 0.6611111109375 0.40208333281249997 0.6388888890625 0.40052083281249995 0.603703703125 0.4010416671875 0.5935185187500001 0.403125 0.5824074078125 0.4125
3 0.3638888890625 0.4302083328125 0.352777778125 0.4375 0.34722222187499996 0.49375 0.352777778125 0.5083333328124999 0.38055555625 0.5109375 0.4175925921875 0.5192708328125 0.43518518593750005 0.5203125 0.4453703703125 0.51875 0.471296296875 0.509375 0.49351851875 0.4947916671875 0.50555555625 0.48020833281249997 0.5074074078125 0.46510416718750003 0.4953703703125 0.4302083328125 0.4620370375 0.415625 0.43055555625 0.4140625 0.4046296296875 0.415625 0.3851851859375 0.42604166718750003 0.3638888890625 0.4302083328125
3 0.127777778125 0.21614583281250002 0.11574074062499999 0.2208333328125 0.12222222187500001 0.31302083281250004 0.13055555624999998 0.321875 0.13981481406250001 0.3265625 0.147222221875 0.3270833328125 0.1675925921875 0.3234375 0.21111111093749999 0.3328125 0.234259259375 0.3333333328125 0.29351851875 0.3171875 0.3083333328125 0.3072916671875 0.3166666671875 0.290625 0.31759259218749997 0.2755208328125 0.3101851859375 0.2546875 0.30648148124999997 0.22395833281250002 0.2916666671875 0.215625 0.2731481484375 0.21354166718749998 0.2675925921875 0.20572916718749998 0.25740740781250004 0.1989583328125 0.2416666671875 0.1973958328125 0.1648148140625 0.1984375 0.16388888906250001 0.21458333281250003 0.127777778125 0.21614583281250002
3 0.4148148140625 0.2088541671875 0.41203703750000004 0.2104166671875 0.38055555625 0.2125 0.36851851875 0.21875 0.36296296250000004 0.3057291671875 0.377777778125 0.3166666671875 0.42314814843750004 0.315625 0.45370370312499997 0.3234375 0.4675925921875 0.3239583328125 0.490740740625 0.31979166718749996 0.521296296875 0.3083333328125 0.5416666671875 0.2921875 0.5518518515624999 0.2734375 0.5453703703125 0.2208333328125 0.5416666671875 0.2166666671875 0.5240740734375 0.209375 0.5009259265625 0.1953125 0.43981481406249995 0.19479166718750002 0.415740740625 0.19583333281249998 0.4129629625 0.1984375 0.4148148140625 0.2088541671875
3 0.6333333328124999 0.2088541671875 0.603703703125 0.20989583281250002 0.5925925921874999 0.2166666671875 0.578703703125 0.290625 0.58055555625 0.3015625 0.5898148140624999 0.309375 0.6046296296875 0.3104166671875 0.615740740625 0.3072916671875 0.63148148125 0.30625 0.6740740734374999 0.3151041671875 0.6953703703125 0.3140625 0.7111111109375 0.3083333328125 0.7231481484375 0.3083333328125 0.75555555625 0.2796875 0.7620370375000001 0.26875 0.7629629625 0.25 0.75555555625 0.2359375 0.7546296296875 0.215625 0.722222221875 0.19583333281249998 0.7111111109375 0.1932291671875 0.6824074078125 0.1932291671875 0.640740740625 0.1942708328125 0.6370370375000001 0.1963541671875 0.6333333328124999 0.2088541671875
3 0.8120370375 0.209375 0.8027777781250001 0.21510416718749997 0.7824074078125001 0.2776041671875 0.7814814812499999 0.2916666671875 0.7953703703125 0.29739583281250004 0.821296296875 0.3 0.8351851859374999 0.303125 0.847222221875 0.3088541671875 0.86851851875 0.3109375 0.8990740734375 0.30520833281250004 0.9398148140625 0.28125 0.9509259265625 0.26510416718749996 0.953703703125 0.24895833281250002 0.9444444437499999 0.21458333281250003 0.9305555562500001 0.20052083281250002 0.9138888890624999 0.19479166718750002 0.85648148125 0.19375 0.847222221875 0.19479166718750002 0.8351851859374999 0.2046875 0.8120370375 0.209375
3 0 0.3557291671875 0.0175925921875 0.3479166671875 0.0416666671875 0.3411458328125 0.0629629625 0.3239583328125 0.06944444375 0.3098958328125 0.0675925921875 0.2927083328125 0.055555556250000006 0.26614583281250004 0.052777778124999994 0.240625 0.046296296875 0.228125 0.037037037499999995 0.22135416718749998 0.0083333328125 0.21510416718749997 0 0.21614583281250002 0 0.3557291671875