3 0.1574074078125 0.790625 0.147222221875 0.8015625 0.15370370312499998 0.8255208328125001 0.15277777812499999 0.8348958328125 0.1574074078125 0.8416666671874999 0.1648148140625 0.8432291671875 0.17314814843749998 0.8494791671874999 0.20277777812500003 0.85625 0.24351851875000002 0.8541666671874999 0.2759259265625 0.8390625 0.27870370312500004 0.83125 0.290740740625 0.8203125 0.29351851875 0.8072916671874999 0.28796296250000003 0.7921875 0.2888888890625 0.775 0.2833333328125 0.7713541671875 0.26574074062499997 0.7666666671875 0.24259259218749998 0.765625 0.1925925921875 0.7765625 0.177777778125 0.7869791671875 0.1574074078125 0.790625
3 0.3416666671875 0.7546875 0.32777777812500003 0.7614583328125 0.325 0.7963541671875001 0.33055555625 0.8098958328125001 0.35648148125 0.8119791671875 0.3768518515625 0.8177083328125001 0.39444444375 0.8177083328125001 0.41111111093749997 0.8145833328125001 0.44351851875000003 0.8005208328125001 0.4574074078125 0.7854166671875 0.45185185156249996 0.7484375 0.447222221875 0.7411458328125 0.43981481406249995 0.7369791671875 0.41018518593750003 0.7328125 0.3620370375 0.7432291671875 0.35925925937500003 0.7505208328124999 0.3416666671875 0.7546875
3 0.4916666671875 0.7223958328125 0.48055555625 0.7276041671875 0.47592592656250005 0.7385416671875 0.4731481484375 0.7692708328125 0.48148148125 0.7765625 0.5074074078125 0.7776041671875 0.5259259265625 0.7828125 0.55 0.7817708328124999 0.5675925921875 0.7760416671875 0.5916666671875 0.7598958328125 0.5981481484375 0.7515625 0.6 0.740625 0.5953703703125 0.721875 0.5888888890625 0.7098958328125 0.575 0.7041666671875 0.5629629625 0.7026041671875001 0.5148148140625 0.7104166671875001 0.5074074078125 0.7203125 0.4916666671875 0.7223958328125
3 0.6268518515625 0.7015625 0.6166666671875001 0.7286458328125 0.6175925921875 0.7385416671875 0.6231481484375 0.7458333328125 0.6425925921875 0.746875 0.659259259375 0.753125 0.6796296296875 0.753125 0.703703703125 0.74375 0.7175925921874999 0.7338541671875001 0.728703703125 0.7166666671875 0.7231481484375 0.6869791671875001 0.7111111109375 0.6765625 0.696296296875 0.675 0.6574074078125001 0.6833333328125 0.6490740734375 0.690625 0.6268518515625 0.7015625
3 0.7546296296875 0.6703125 0.7490740734375 0.6739583328125 0.74444444375 0.696875 0.7490740734375 0.7208333328125 0.7675925921875 0.7197916671875 0.7805555562500001 0.725 0.7990740734374999 0.7260416671875001 0.8203703703125 0.7192708328124999 0.8361111109375001 0.709375 0.8481481484375 0.6911458328125 0.8435185187500001 0.6651041671875 0.8351851859374999 0.6546875 0.8259259265625 0.6520833328125 0.8138888890624999 0.6520833328125 0.7787037031249999 0.659375 0.771296296875 0.6666666671875 0.7546296296875 0.6703125
3 0.2 0.6380208328125 0.18148148125000002 0.64375 0.1675925921875 0.6453125 0.15925925937500002 0.6494791671875 0.1574074078125 0.6796875 0.1601851859375 0.7020833328125 0.1629629625 0.7098958328125 0.171296296875 0.7151041671875 0.19444444375 0.7171875 0.2138888890625 0.7223958328125 0.2509259265625 0.7229166671875 0.2833333328125 0.7088541671875 0.3 0.6942708328125 0.30740740781250003 0.6838541671875 0.3083333328125 0.6723958328124999 0.29722222187499997 0.6322916671875001 0.2898148140625 0.6276041671875 0.252777778125 0.6276041671875 0.225 0.6322916671875001 0.21296296250000002 0.6307291671875 0.2 0.6380208328125
3 0.35648148125 0.6244791671875001 0.352777778125 0.6578125 0.35648148125 0.675 0.4 0.6875 0.42314814843750004 0.6885416671875 0.43981481406249995 0.6838541671875 0.465740740625 0.6713541671875001 0.4824074078125 0.6505208328125 0.48333333281249996 0.6380208328125 0.477777778125 0.6265625 0.475 0.6041666671875 0.465740740625 0.5984375 0.4453703703125 0.5979166671875 0.40555555625000006 0.6026041671875 0.372222221875 0.6130208328125 0.35648148125 0.6244791671875001
3 0.521296296875 0.5890625 0.509259259375 0.615625 0.509259259375 0.640625 0.5166666671875 0.6515625 0.6018518515625 0.6536458328125 0.63148148125 0.6390625 0.64444444375 0.6182291671875 0.6453703703125 0.6046875 0.6398148140625 0.584375 0.621296296875 0.5697916671875001 0.60555555625 0.5677083328125 0.5601851859375 0.5739583328125 0.553703703125 0.5828125 0.521296296875 0.5890625
3 0.6861111109375 0.5635416671875 0.6731481484375 0.5755208328125 0.6638888890625 0.6020833328124999 0.6638888890625 0.6192708328125 0.6796296296875 0.6244791671875001 0.6972222218749999 0.6255208328124999 0.7120370375 0.63125 0.73148148125 0.63125 0.759259259375 0.6213541671875 0.7824074078125001 0.5984375 0.7768518515625 0.5588541671875 0.7546296296875 0.5463541671875001 0.747222221875 0.5463541671875001 0.7074074078125 0.5520833328125 0.703703703125 0.559375 0.6861111109375 0.5635416671875
3 0.8074074078125 0.5583333328125 0.7916666671875 0.58125 0.7916666671875 0.5947916671875 0.7981481484375 0.5994791671875 0.8231481484375 0.6010416671875001 0.847222221875 0.60625 0.8601851859374999 0.6052083328125 0.890740740625 0.59375 0.9074074078125 0.5817708328125 0.9129629625 0.5713541671875 0.9129629625 0.5619791671875001 0.9074074078125 0.5458333328125 0.8898148140625001 0.534375 0.86944444375 0.5328125 0.8611111109375 0.5333333328125 0.834259259375 0.5411458328125 0.8074074078125 0.5583333328125
3 0.1768518515625 0.46458333281249997 0.1629629625 0.47291666718750003 0.1601851859375 0.5177083328125 0.165740740625 0.5458333328125 0.17314814843749998 0.5510416671875 0.20833333281250002 0.5520833328125 0.24814814843750002 0.559375 0.275 0.5583333328125 0.29351851875 0.5520833328125 0.30555555624999997 0.5453125 0.3351851859375 0.5203125 0.3351851859375 0.4984375 0.33055555625 0.48802083281249997 0.31944444375000003 0.47864583281249995 0.3166666671875 0.45677083281249997 0.3083333328125 0.4515625 0.2898148140625 0.4453125 0.2666666671875 0.44375 0.2203703703125 0.4484375 0.196296296875 0.4609375 0.1768518515625 0.46458333281249997
3 0.3981481484375 0.4427083328125 0.38240740781250004 0.453125 0.3740740734375 0.4671875 0.371296296875 0.48802083281249997 0.372222221875 0.5135416671875 0.3796296296875 0.5213541671875 0.415740740625 0.5234375 0.44166666718750003 0.5302083328125 0.4583333328125 0.5317708328124999 0.49444444374999996 0.5223958328125 0.5120370375000001 0.5098958328125 0.5240740734375 0.4875 0.5240740734375 0.4765625 0.5148148140625 0.44635416718750004 0.5111111109375 0.44166666718750003 0.490740740625 0.43072916718750004 0.48055555625 0.428125 0.46481481406249997 0.428125 0.43981481406249995 0.4302083328125 0.4138888890625 0.4369791671875 0.3981481484375 0.4427083328125
3 0.56851851875 0.44427083281249996 0.5638888890625 0.46666666718750005 0.5638888890625 0.48229166718750005 0.56851851875 0.490625 0.5879629625 0.4973958328125 0.63148148125 0.50625 0.647222221875 0.5041666671875 0.675 0.49322916718750004 0.6888888890625 0.48020833281249997 0.696296296875 0.46197916718750004 0.6916666671875 0.43177083281249995 0.6833333328125 0.4203125 0.6675925921875 0.41197916718750005 0.6564814812499999 0.409375 0.640740740625 0.409375 0.6074074078125 0.41510416718750004 0.58055555625 0.43072916718750004 0.56851851875 0.44427083281249996
3 0.7148148140624999 0.44427083281249996 0.7111111109375 0.4703125 0.7185185187500001 0.48020833281249997 0.747222221875 0.4796875 0.777777778125 0.4875 0.79351851875 0.4869791671875 0.8175925921875 0.478125 0.8398148140625 0.45885416718750005 0.8481481484375 0.4546875 0.8518518515625001 0.434375 0.8379629625 0.40052083281249995 0.83148148125 0.3963541671875 0.80648148125 0.3958333328125 0.76851851875 0.4 0.7296296296875 0.41510416718750004 0.7148148140624999 0.44427083281249996
3 0.21111111093749999 0.22395833281250002 0.184259259375 0.23177083281250002 0.1703703703125 0.23854166718749997 0.1666666671875 0.253125 0.1666666671875 0.3296875 0.171296296875 0.3348958328125 0.1824074078125 0.3416666671875 0.1925925921875 0.34427083281250004 0.2398148140625 0.3458333328125 0.28148148125 0.3541666671875 0.303703703125 0.35208333281250004 0.321296296875 0.3479166671875 0.3518518515625 0.3328125 0.3648148140625 0.3182291671875 0.375 0.2942708328125 0.375 0.2671875 0.36666666718749996 0.2375 0.3546296296875 0.22760416718749998 0.325 0.2130208328125 0.30555555624999997 0.209375 0.2851851859375 0.209375 0.2388888890625 0.2104166671875 0.2259259265625 0.2125 0.21111111093749999 0.22395833281250002
3 0.877777778125 0.403125 0.8620370375 0.4270833328125 0.8518518515625001 0.4322916671875 0.852777778125 0.44375 0.8620370375 0.4526041671875 0.8768518515625001 0.45885416718750005 0.9 0.4640625 0.921296296875 0.47291666718750003 0.9416666671874999 0.4713541671875 0.9666666671874999 0.45885416718750005 0.9824074078124999 0.4401041671875 0.9898148140625 0.41875 0.9879629624999999 0.40416666718750005 0.98148148125 0.39114583281250004 0.959259259375 0.38229166718749996 0.93148148125 0.3796875 0.9231481484374999 0.3807291671875 0.9009259265624999 0.3895833328125 0.877777778125 0.403125
3 0.415740740625 0.22552083281250002 0.4074074078125 0.23333333281250002 0.403703703125 0.309375 0.41203703750000004 0.3244791671875 0.4620370375 0.3260416671875 0.4888888890625 0.3338541671875 0.509259259375 0.33541666718749996 0.5296296296875 0.33125 0.540740740625 0.3265625 0.559259259375 0.3135416671875 0.577777778125 0.2911458328125 0.5796296296875 0.26614583281250004 0.5759259265625001 0.2546875 0.5675925921875 0.24479166718749998 0.56851851875 0.22916666718749998 0.5555555562500001 0.2140625 0.5333333328125 0.2088541671875 0.48425925937500003 0.20833333281250002 0.45370370312499997 0.2104166671875 0.440740740625 0.21979166718749998 0.415740740625 0.22552083281250002
3 0.6166666671875001 0.221875 0.609259259375 0.228125 0.6018518515625 0.24739583281250002 0.5990740734375 0.3036458328125 0.602777778125 0.309375 0.6101851859375 0.31302083281250004 0.6574074078125001 0.31302083281250004 0.6879629625 0.321875 0.7101851859375 0.3213541671875 0.7398148140624999 0.3151041671875 0.7675925921875 0.2947916671875 0.7731481484375 0.2713541671875 0.772222221875 0.2515625 0.7703703703125 0.24479166718749998 0.7611111109375 0.240625 0.7574074078125 0.2348958328125 0.75648148125 0.2265625 0.7601851859375001 0.221875 0.7546296296875 0.20989583281250002 0.74444444375 0.2046875 0.73055555625 0.2015625 0.6944444437499999 0.20052083281250002 0.6546296296875 0.2046875 0.6398148140625 0.21354166718749998 0.6166666671875001 0.221875
3 0.7833333328125 0.2526041671875 0.7796296296875 0.2859375 0.7796296296875 0.2989583328125 0.7851851859375001 0.30416666718749996 0.8601851859374999 0.31197916718749996 0.875 0.3114583328125 0.8990740734375 0.3020833328125 0.9055555562500001 0.29635416718749996 0.9101851859375 0.2859375 0.9259259265625 0.2833333328125 0.934259259375 0.2765625 0.934259259375 0.23802083281250003 0.9259259265625 0.2109375 0.922222221875 0.20677083281250003 0.9111111109375001 0.20208333281250002 0.8916666671875 0.1984375 0.872222221875 0.1979166671875 0.8351851859374999 0.2 0.790740740625 0.22552083281250002 0.7833333328125 0.2526041671875