3 0.2824074078125 0.7963541671875001 0.28055555625 0.8244791671874999 0.290740740625 0.8369791671875 0.3148148140625 0.8364583328125 0.3296296296875 0.8411458328125001 0.353703703125 0.8416666671874999 0.36944444375 0.8380208328125001 0.397222221875 0.8244791671874999 0.4166666671875 0.7994791671875 0.4166666671875 0.7859375 0.409259259375 0.7734375 0.40555555625000006 0.7557291671875 0.39351851875 0.7494791671875001 0.3768518515625 0.7479166671875 0.33055555625 0.7552083328125 0.2870370375 0.7822916671875 0.2824074078125 0.7963541671875001
3 0.4370370375 0.7380208328125 0.43055555625 0.7494791671875001 0.4268518515625 0.7760416671875 0.43055555625 0.7859375 0.440740740625 0.790625 0.4583333328125 0.7895833328124999 0.48148148125 0.7953125 0.49629629687500004 0.7947916671875 0.5240740734375 0.7838541671875 0.547222221875 0.7625 0.5518518515624999 0.7421875 0.5425925921875 0.7192708328124999 0.5324074078125001 0.709375 0.5231481484375 0.7067708328125 0.5111111109375 0.7067708328125 0.46944444374999994 0.7171875 0.44444444375 0.73125 0.4370370375 0.7380208328125
3 0.5722222218749999 0.6994791671875 0.5583333328125 0.7354166671875 0.5611111109375 0.7484375 0.5740740734374999 0.7505208328124999 0.5861111109375 0.7479166671875 0.60648148125 0.7536458328125 0.6203703703125 0.7536458328125 0.6398148140625 0.746875 0.6583333328125 0.7348958328124999 0.6731481484375 0.7151041671875 0.6740740734374999 0.7005208328125 0.6648148140625 0.6932291671875 0.6638888890625 0.6833333328125 0.659259259375 0.678125 0.64351851875 0.6729166671875 0.6361111109375 0.6729166671875 0.602777778125 0.6807291671875 0.5935185187500001 0.6885416671875 0.5722222218749999 0.6994791671875
3 0.675 0.7020833328125 0.6777777781250001 0.7114583328124999 0.6833333328125 0.715625 0.696296296875 0.7151041671875 0.7175925921874999 0.7208333328125 0.734259259375 0.7192708328124999 0.7601851859375001 0.7067708328125 0.7787037031249999 0.6859375 0.777777778125 0.6682291671875 0.771296296875 0.6583333328125 0.7583333328124999 0.6473958328125 0.7425925921875 0.6442708328125 0.7074074078125 0.6552083328125 0.68148148125 0.6729166671875 0.675 0.7020833328125
3 0.784259259375 0.646875 0.777777778125 0.6588541671875 0.7768518515625 0.6729166671875 0.784259259375 0.684375 0.7990740734374999 0.6848958328125 0.8194444437499999 0.6911458328125 0.8351851859374999 0.6885416671875 0.8481481484375 0.6817708328125 0.8611111109375 0.6703125 0.872222221875 0.6536458328125 0.872222221875 0.6432291671875 0.8648148140625 0.6296875 0.8481481484375 0.6208333328125 0.8333333328125001 0.6203125 0.8194444437499999 0.6234375 0.8018518515625 0.63125 0.784259259375 0.646875
3 0.33055555625 0.6213541671875 0.3148148140625 0.6260416671875 0.309259259375 0.6307291671875 0.29907407343750003 0.6692708328125 0.29814814843750004 0.6869791671875001 0.302777778125 0.696875 0.3129629625 0.7010416671875 0.3416666671875 0.6994791671875 0.36851851875 0.7046875 0.39351851875 0.7052083328125 0.41018518593750003 0.7010416671875 0.4388888890625 0.6854166671875 0.4583333328125 0.659375 0.4601851859375 0.6385416671875 0.4370370375 0.6036458328125 0.4203703703125 0.5989583328125 0.403703703125 0.5973958328125 0.35555555625 0.6057291671875 0.3351851859375 0.615625 0.33055555625 0.6213541671875
3 0.4583333328125 0.6458333328125 0.46296296249999996 0.6546875 0.47222222187499996 0.6588541671875 0.48333333281249996 0.659375 0.49259259218749996 0.65625 0.5009259265625 0.65625 0.525 0.6609375 0.547222221875 0.6604166671875 0.5740740734374999 0.6479166671875001 0.5870370375 0.6354166671875 0.5990740734375 0.6130208328125 0.5990740734375 0.6046875 0.5898148140624999 0.5838541671875 0.577777778125 0.5739583328125 0.5583333328125 0.5677083328125 0.5509259265625001 0.5677083328125 0.509259259375 0.5765625 0.47407407343749997 0.596875 0.4583333328125 0.6458333328125
3 0.621296296875 0.5598958328125 0.6138888890625 0.5651041671875 0.5953703703125 0.6161458328125 0.609259259375 0.6239583328125 0.6361111109375 0.6182291671875 0.6546296296875 0.625 0.671296296875 0.6260416671875 0.6953703703125 0.6166666671875001 0.709259259375 0.6072916671875 0.7240740734375 0.5875 0.725 0.56875 0.715740740625 0.5625 0.7111111109375 0.546875 0.6925925921875 0.5385416671875001 0.68148148125 0.5369791671875 0.64444444375 0.5458333328125 0.6398148140625 0.5541666671875001 0.621296296875 0.5598958328125
3 0.7574074078125 0.5302083328125 0.7398148140624999 0.5359375 0.7268518515625 0.5583333328125 0.722222221875 0.5932291671875001 0.73148148125 0.5947916671875 0.75555555625 0.5911458328125 0.771296296875 0.596875 0.7861111109375 0.5979166671875 0.8148148140625 0.584375 0.8240740734375 0.5723958328125 0.834259259375 0.5692708328125 0.8388888890624999 0.5505208328125 0.8361111109375001 0.5432291671875 0.8296296296874999 0.5385416671875001 0.8268518515625001 0.5255208328125 0.821296296875 0.5203125 0.8 0.5145833328125 0.7648148140625 0.5203125 0.7601851859375001 0.5229166671875001 0.7574074078125 0.5302083328125
3 0.8370370375 0.5296875 0.8324074078124999 0.5442708328125 0.8379629625 0.5661458328125 0.8462962968750001 0.56875 0.8601851859374999 0.56875 0.88148148125 0.5744791671875 0.8981481484374999 0.5713541671875 0.91944444375 0.5583333328125 0.9361111109375001 0.5442708328125 0.9398148140625 0.5322916671875 0.9379629625 0.5171875 0.928703703125 0.5036458328125 0.9120370375 0.4947916671875 0.89444444375 0.49322916718750004 0.8703703703125001 0.5020833328125 0.8462962968750001 0.5166666671875 0.8370370375 0.5296875
3 0.3509259265625 0.44375 0.340740740625 0.4536458328125 0.3351851859375 0.5151041671875001 0.33888888906250003 0.5229166671875001 0.3453703703125 0.5255208328125 0.3796296296875 0.525 0.415740740625 0.5354166671875 0.434259259375 0.5369791671875 0.44629629687500005 0.534375 0.4731481484375 0.5223958328125 0.4888888890625 0.509375 0.502777778125 0.484375 0.503703703125 0.465625 0.49351851875 0.45416666718750004 0.48055555625 0.42864583281249996 0.45555555625000005 0.41875 0.4379629625 0.4171875 0.39074074062499997 0.4244791671875 0.3740740734375 0.43645833281249996 0.3509259265625 0.44375
3 0.5268518515625 0.4192708328125 0.51944444375 0.425 0.5018518515625 0.4869791671875 0.502777778125 0.49322916718750004 0.5148148140625 0.4984375 0.527777778125 0.49895833281249996 0.5555555562500001 0.4947916671875 0.5731481484375001 0.5010416671875 0.590740740625 0.503125 0.6129629624999999 0.49583333281249997 0.6351851859375001 0.4817708328125 0.652777778125 0.4546875 0.6546296296875 0.4369791671875 0.6398148140625 0.425 0.640740740625 0.4145833328125 0.6333333328124999 0.4046875 0.6111111109375 0.396875 0.6 0.396875 0.5546296296875 0.403125 0.5509259265625001 0.4145833328125 0.5268518515625 0.4192708328125
3 0.6759259265625001 0.4 0.6703703703125 0.4046875 0.6481481484375 0.46510416718750003 0.6490740734375 0.4682291671875 0.6574074078125001 0.47239583281249997 0.671296296875 0.4734375 0.6981481484375001 0.46979166718750004 0.722222221875 0.478125 0.73148148125 0.478125 0.7666666671875 0.4614583328125 0.784259259375 0.440625 0.7888888890625 0.4145833328125 0.7796296296875 0.40625 0.777777778125 0.3942708328125 0.771296296875 0.3859375 0.7546296296875 0.3802083328125 0.7425925921875 0.3791666671875 0.7009259265625001 0.3848958328125 0.6953703703125 0.3953125 0.6759259265625001 0.4
3 0.8027777781250001 0.3828125 0.797222221875 0.3875 0.7870370375 0.41302083281249996 0.7861111109375 0.4302083328125 0.7768518515625 0.4479166671875 0.784259259375 0.453125 0.8222222218749999 0.4505208328125 0.8388888890624999 0.45625 0.853703703125 0.45677083281249997 0.88148148125 0.44322916718750005 0.8916666671875 0.4348958328125 0.9037037031249999 0.4322916671875 0.9083333328125001 0.40208333281249997 0.9 0.390625 0.896296296875 0.3739583328125 0.8898148140625001 0.36875 0.8629629624999999 0.3640625 0.827777778125 0.3682291671875 0.8222222218749999 0.378125 0.8027777781250001 0.3828125
3 1 0.35208333281250004 0.9675925921875 0.3505208328125 0.9472222218749999 0.3515625 0.9231481484374999 0.3645833328125 0.9064814812499999 0.3802083328125 0.9018518515625 0.3921875 0.9 0.42083333281249996 0.9037037031249999 0.43125 0.909259259375 0.434375 0.9481481484375 0.4401041671875 0.9629629625 0.43958333281249995 0.9712962968750001 0.43645833281249996 1 0.41822916718750003 1 0.35208333281250004
3 0.3925925921875 0.2109375 0.3861111109375 0.21614583281250002 0.377777778125 0.2416666671875 0.36759259218749996 0.3015625 0.3731481484375 0.3114583328125 0.38148148125 0.3171875 0.3898148140625 0.31875 0.44444444375 0.3182291671875 0.4675925921875 0.325 0.48425925937500003 0.3265625 0.5120370375000001 0.3203125 0.5379629625 0.3046875 0.5555555562500001 0.2776041671875 0.55648148125 0.2401041671875 0.5324074078125001 0.1989583328125 0.5166666671875 0.19375 0.48333333281249996 0.1916666671875 0.434259259375 0.19375 0.4175925921875 0.20677083281250003 0.3925925921875 0.2109375
3 0.5833333328125 0.2088541671875 0.5768518515625 0.21458333281250003 0.5666666671875 0.2578125 0.5638888890625 0.29375 0.5740740734374999 0.3036458328125 0.61851851875 0.3046875 0.6425925921875 0.3114583328125 0.6564814812499999 0.3125 0.6768518515624999 0.3072916671875 0.702777778125 0.2921875 0.7194444437499999 0.2682291671875 0.7259259265625 0.23802083281250003 0.7138888890625 0.21614583281250002 0.7101851859375 0.2015625 0.7 0.19479166718750002 0.6740740734374999 0.1890625 0.646296296875 0.1895833328125 0.6240740734375 0.1875 0.6166666671875001 0.190625 0.609259259375 0.20416666718749998 0.5833333328125 0.2088541671875
3 0.746296296875 0.2 0.7398148140624999 0.20416666718749998 0.7166666671875 0.2692708328125 0.7138888890625 0.2848958328125 0.7175925921874999 0.28854166718749996 0.7416666671875001 0.2901041671875 0.775 0.2880208328125 0.79351851875 0.29635416718749996 0.8074074078125 0.296875 0.81851851875 0.29375 0.852777778125 0.2765625 0.8648148140625 0.2557291671875 0.8675925921875001 0.24375 0.8675925921875001 0.225 0.859259259375 0.21354166718749998 0.85648148125 0.19583333281249998 0.8509259265625 0.1895833328125 0.8444444437499999 0.1875 0.809259259375 0.1838541671875 0.772222221875 0.1848958328125 0.7675925921875 0.1984375 0.746296296875 0.2
3 0.8833333328125 0.196875 0.8759259265624999 0.20052083281250002 0.8666666671875 0.21979166718749998 0.8648148140625 0.246875 0.8462962968750001 0.2744791671875 0.8481481484375 0.2802083328125 0.86851851875 0.2822916671875 0.9018518515625 0.2796875 0.921296296875 0.2864583328125 0.9324074078125 0.2864583328125 0.9601851859374999 0.27395833281250004 0.978703703125 0.2713541671875 0.977777778125 0.26614583281250004 0.9898148140625 0.24114583281250002 0.990740740625 0.2088541671875 0.9888888890624999 0.2140625 0.9851851859374999 0.21354166718749998 0.9833333328125 0.1994791671875 0.9731481484375 0.18697916718750002 0.9490740734375 0.1828125 0.9231481484374999 0.1828125 0.9055555562500001 0.1833333328125 0.9 0.1953125 0.8833333328125 0.196875