3 0.3333333328125 0.759375 0.3083333328125 0.771875 0.3018518515625 0.7859375 0.3009259265625 0.815625 0.3046296296875 0.8244791671874999 0.3166666671875 0.8307291671874999 0.340740740625 0.8291666671875 0.3574074078125 0.8333333328125001 0.371296296875 0.8333333328125001 0.39444444375 0.8286458328125 0.41944444374999995 0.8135416671875 0.43518518593750005 0.7973958328124999 0.44166666718750003 0.7817708328124999 0.4268518515625 0.7463541671875 0.4166666671875 0.7401041671875 0.39074074062499997 0.7380208328125 0.3601851859375 0.7447916671875 0.340740740625 0.753125 0.3333333328125 0.759375
3 0.4509259265625 0.7333333328125 0.44259259218749997 0.778125 0.44259259218749997 0.7822916671875 0.45 0.7854166671875 0.4574074078125 0.7859375 0.4675925921875 0.7822916671875 0.4824074078125 0.7817708328124999 0.49444444374999996 0.7885416671875001 0.5074074078125 0.7885416671875001 0.547222221875 0.7692708328125 0.559259259375 0.7588541671875 0.5703703703125 0.740625 0.5703703703125 0.7322916671875 0.5611111109375 0.7125 0.5453703703125 0.6989583328125 0.527777778125 0.6979166671875 0.4916666671875 0.7078125 0.46388888906250003 0.7223958328125 0.4509259265625 0.7333333328125
3 0.5888888890625 0.684375 0.5824074078125 0.6895833328125 0.56851851875 0.734375 0.56851851875 0.7369791671875 0.5768518515625 0.740625 0.6018518515625 0.7364583328125 0.61944444375 0.7427083328124999 0.6333333328124999 0.7421875 0.6611111109375 0.7291666671875 0.66944444375 0.7213541671875 0.6805555562500001 0.7057291671875 0.68148148125 0.6911458328125 0.6731481484375 0.6833333328125 0.66944444375 0.6692708328125 0.64444444375 0.6619791671875 0.6101851859375 0.6713541671875001 0.603703703125 0.6796875 0.5888888890625 0.684375
3 0.6944444437499999 0.6541666671875 0.6898148140625 0.6583333328125 0.6796296296875 0.684375 0.684259259375 0.7067708328125 0.6944444437499999 0.70625 0.7009259265625001 0.7026041671875001 0.7074074078125 0.7026041671875001 0.725 0.7088541671875 0.74351851875 0.70625 0.7666666671875 0.6911458328125 0.771296296875 0.6817708328125 0.7796296296875 0.6755208328125 0.7814814812499999 0.6609375 0.772222221875 0.6421875 0.752777778125 0.6328125 0.74444444375 0.6328125 0.7148148140624999 0.6416666671875 0.7101851859375 0.6479166671875001 0.6944444437499999 0.6541666671875
3 0.796296296875 0.6239583328125 0.7851851859375001 0.6317708328125 0.7787037031249999 0.6484375 0.7814814812499999 0.675 0.8009259265625 0.6729166671875 0.815740740625 0.6786458328125 0.827777778125 0.6791666671875001 0.847222221875 0.6708333328125 0.8601851859374999 0.6598958328125 0.871296296875 0.6432291671875 0.8666666671875 0.6203125 0.853703703125 0.609375 0.8370370375 0.6067708328125 0.8101851859375 0.6145833328125 0.8046296296875 0.6213541671875 0.796296296875 0.6239583328125
3 0.85648148125 0.5015625 0.8462962968750001 0.5088541671875 0.8379629625 0.5265625 0.8416666671874999 0.5416666671875 0.840740740625 0.5572916671875 0.8601851859374999 0.5546875 0.878703703125 0.5614583328125 0.8953703703125001 0.5604166671875 0.909259259375 0.553125 0.9305555562500001 0.53125 0.9351851859375 0.5135416671875 0.9277777781250001 0.4947916671875 0.91851851875 0.48802083281249997 0.9046296296874999 0.484375 0.89444444375 0.484375 0.86851851875 0.4916666671875 0.8648148140625 0.4994791671875 0.85648148125 0.5015625
3 0.7518518515625 0.5234375 0.74444444375 0.5286458328125 0.7351851859375 0.5536458328125 0.734259259375 0.5817708328125 0.7370370375 0.5828125 0.7601851859375001 0.5796875 0.7824074078125001 0.5869791671875 0.7925925921875 0.5869791671875 0.8194444437499999 0.5729166671875 0.828703703125 0.5630208328124999 0.840740740625 0.5557291671875 0.8435185187500001 0.5390625 0.8388888890624999 0.5291666671875 0.8324074078124999 0.5239583328124999 0.83055555625 0.515625 0.8175925921875 0.5072916671875001 0.7990740734374999 0.5041666671875 0.7731481484375 0.5104166671875 0.7648148140625 0.5197916671875 0.7518518515625 0.5234375
3 0.6296296296875 0.5526041671875 0.6129629624999999 0.5927083328125 0.6120370375 0.6052083328125 0.6166666671875001 0.6104166671875 0.647222221875 0.6067708328125 0.66851851875 0.6135416671875 0.684259259375 0.6140625 0.69351851875 0.6119791671875 0.7175925921874999 0.5958333328125 0.7324074078125 0.578125 0.734259259375 0.5567708328125 0.7259259265625 0.5510416671875 0.725 0.54375 0.7185185187500001 0.5359375 0.702777778125 0.5291666671875 0.6925925921875 0.5286458328125 0.6546296296875 0.5348958328125 0.6490740734375 0.5447916671875 0.6296296296875 0.5526041671875
3 0.5083333328124999 0.5770833328125 0.49351851875 0.5875 0.48055555625 0.6380208328125 0.48333333281249996 0.6427083328125 0.49259259218749996 0.646875 0.5018518515625 0.646875 0.521296296875 0.6421875 0.5388888890625 0.6484375 0.559259259375 0.6494791671875 0.584259259375 0.6385416671875 0.5990740734375 0.6276041671875 0.6083333328125 0.6119791671875 0.6148148140624999 0.6083333328125 0.615740740625 0.590625 0.6018518515625 0.5791666671875 0.6018518515625 0.5682291671875 0.5981481484375 0.5635416671875 0.5796296296875 0.5552083328124999 0.5694444437499999 0.5536458328125 0.5287037031249999 0.5630208328124999 0.5203703703125 0.5729166671875 0.5083333328124999 0.5770833328125
3 0.34629629687499996 0.61875 0.33703703749999997 0.628125 0.328703703125 0.65625 0.328703703125 0.675 0.3333333328125 0.684375 0.3398148140625 0.6869791671875001 0.36851851875 0.6864583328125 0.3916666671875 0.6901041671875 0.4240740734375 0.6875 0.434259259375 0.6838541671875 0.45185185156249996 0.671875 0.46481481406249997 0.6572916671875 0.4731481484375 0.6463541671875 0.47592592656250005 0.6364583328125 0.465740740625 0.6088541671875001 0.45 0.5947916671875 0.434259259375 0.5911458328125 0.41851851875 0.590625 0.4018518515625 0.5927083328125 0.3768518515625 0.6010416671875001 0.34629629687499996 0.61875
3 0.40648148125 0.421875 0.3879629625 0.4296875 0.371296296875 0.440625 0.36296296250000004 0.48125 0.36296296250000004 0.5067708328125 0.3796296296875 0.5171875 0.4074074078125 0.5151041671875001 0.44444444375 0.5239583328124999 0.46666666718750005 0.5244791671875 0.5018518515625 0.5078125 0.5111111109375 0.4994791671875 0.5259259265625 0.47552083281249996 0.5296296296875 0.4604166671875 0.527777778125 0.4479166671875 0.5046296296875 0.4145833328125 0.4824074078125 0.40625 0.46388888906250003 0.40520833281249996 0.42870370312499995 0.409375 0.4175925921875 0.4125 0.40648148125 0.421875
3 0.5638888890625 0.403125 0.5453703703125 0.4088541671875 0.5416666671875 0.4125 0.5351851859375001 0.425 0.525 0.47447916718750005 0.5259259265625 0.48125 0.5370370375 0.4869791671875 0.5694444437499999 0.4817708328125 0.5944444437499999 0.4890625 0.6129629624999999 0.49114583281249996 0.647222221875 0.475 0.6648148140625 0.4546875 0.6703703703125 0.44322916718750005 0.6703703703125 0.4270833328125 0.6583333328125 0.41302083281249996 0.6564814812499999 0.396875 0.6398148140625 0.3885416671875 0.6259259265625 0.3848958328125 0.615740740625 0.3848958328125 0.609259259375 0.3875 0.5722222218749999 0.3916666671875 0.5638888890625 0.403125
3 0.684259259375 0.39375 0.678703703125 0.41614583281249995 0.66944444375 0.4291666671875 0.6675925921875 0.4536458328125 0.6629629625 0.45677083281249997 0.672222221875 0.4609375 0.68148148125 0.459375 0.6833333328125 0.4536458328125 0.6870370375 0.453125 0.6898148140625 0.45885416718750005 0.7101851859375 0.45885416718750005 0.7351851859375 0.4661458328125 0.74351851875 0.465625 0.775 0.45104166718750005 0.7833333328125 0.44114583281249997 0.796296296875 0.43333333281249997 0.7990740734374999 0.40052083281249995 0.7870370375 0.390625 0.7870370375 0.3802083328125 0.7805555562500001 0.37447916718749996 0.7703703703125 0.3713541671875 0.74351851875 0.3697916671875 0.7120370375 0.37552083281250004 0.70648148125 0.3848958328125 0.684259259375 0.39375
3 0.8074074078125 0.3796875 0.7990740734374999 0.3973958328125 0.7981481484375 0.434375 0.8009259265625 0.4380208328125 0.8231481484375 0.4369791671875 0.852777778125 0.4447916671875 0.8666666671875 0.44114583281249997 0.89444444375 0.42395833281249995 0.9046296296874999 0.4203125 0.9055555562500001 0.396875 0.897222221875 0.3708333328125 0.8925925921875001 0.3739583328125 0.877777778125 0.375 0.8583333328125 0.3630208328125 0.8370370375 0.3604166671875 0.83148148125 0.3692708328125 0.8148148140625 0.3729166671875 0.8074074078125 0.3796875
3 1 0.3458333328125 0.95 0.3427083328125 0.9259259265625 0.353125 0.9111111109375001 0.365625 0.9064814812499999 0.3786458328125 0.9046296296874999 0.409375 0.9064814812499999 0.41875 0.9111111109375001 0.42291666718750004 0.9518518515625001 0.43072916718750004 0.9740740734375001 0.42395833281249995 1 0.4046875 1 0.3458333328125
3 0.42314814843750004 0.2015625 0.4148148140625 0.2114583328125 0.40092592656250003 0.2958333328125 0.40555555625000006 0.3036458328125 0.4138888890625 0.30625 0.478703703125 0.3078125 0.50555555625 0.3140625 0.51851851875 0.3145833328125 0.5333333328125 0.3114583328125 0.5546296296875 0.3015625 0.5796296296875 0.2786458328125 0.5898148140624999 0.25 0.5888888890625 0.228125 0.5796296296875 0.21979166718749998 0.565740740625 0.1895833328125 0.5583333328125 0.184375 0.534259259375 0.18125 0.46851851875 0.18125 0.45277777812500003 0.19375 0.43240740781250003 0.1973958328125 0.42314814843750004 0.2015625
3 0.6074074078125 0.1973958328125 0.6018518515625 0.2015625 0.5796296296875 0.2791666671875 0.5879629625 0.2911458328125 0.5944444437499999 0.2947916671875 0.6453703703125 0.2958333328125 0.6675925921875 0.3010416671875 0.6768518515624999 0.3010416671875 0.6861111109375 0.2994791671875 0.702777778125 0.2921875 0.73148148125 0.2703125 0.740740740625 0.2557291671875 0.746296296875 0.2260416671875 0.734259259375 0.2052083328125 0.73055555625 0.1916666671875 0.7240740734375 0.1854166671875 0.647222221875 0.1776041671875 0.6425925921875 0.1796875 0.6324074078125 0.19375 0.6074074078125 0.1973958328125
3 0.7518518515625 0.1994791671875 0.7509259265625 0.22135416718749998 0.74444444375 0.234375 0.747222221875 0.24739583281250002 0.740740740625 0.2557291671875 0.740740740625 0.2697916671875 0.7490740734375 0.28072916718749996 0.7898148140625 0.2796875 0.8129629625 0.2854166671875 0.8222222218749999 0.2838541671875 0.8481481484375 0.2713541671875 0.859259259375 0.2619791671875 0.8731481484374999 0.23958333281250002 0.8740740734375001 0.2125 0.8675925921875001 0.203125 0.8638888890624999 0.1854166671875 0.859259259375 0.1807291671875 0.83148148125 0.1760416671875 0.7870370375 0.1755208328125 0.7814814812499999 0.1895833328125 0.7601851859375001 0.1911458328125 0.7518518515625 0.1994791671875
3 0.8898148140625001 0.1895833328125 0.8824074078124999 0.1942708328125 0.877777778125 0.20833333281250002 0.878703703125 0.225 0.8731481484374999 0.2630208328125 0.8768518515625001 0.271875 0.902777778125 0.2703125 0.9268518515625 0.2760416671875 0.940740740625 0.275 0.95555555625 0.2682291671875 0.9629629625 0.26875 0.9768518515625001 0.25625 0.9879629624999999 0.2338541671875 0.9888888890624999 0.20729166718749997 0.984259259375 0.2 0.984259259375 0.1875 0.978703703125 0.1807291671875 0.9694444437499999 0.1770833328125 0.9398148140625 0.1744791671875 0.9083333328125001 0.1755208328125 0.9055555562500001 0.18697916718750002 0.8898148140625001 0.1895833328125