3 0.45370370312499997 0.19479166718750002 0.4388888890625 0.20052083281250002 0.43055555625 0.22552083281250002 0.41944444374999995 0.2880208328125 0.42129629687500003 0.2958333328125 0.43148148124999997 0.30416666718749996 0.45555555625000005 0.30520833281250004 0.49351851875 0.303125 0.5175925921875 0.309375 0.5361111109375 0.3104166671875 0.5555555562500001 0.3046875 0.5768518515625 0.29375 0.584259259375 0.2869791671875 0.6 0.2588541671875 0.60648148125 0.2260416671875 0.5888888890625 0.20833333281250002 0.58055555625 0.18697916718750002 0.559259259375 0.178125 0.5425925921875 0.1765625 0.48518518593750004 0.178125 0.46944444374999994 0.19375 0.45370370312499997 0.19479166718750002
3 0.615740740625 0.1979166671875 0.6101851859375 0.2192708328125 0.602777778125 0.23125 0.6 0.2541666671875 0.5916666671875 0.2796875 0.60648148125 0.2901041671875 0.6537037031249999 0.28854166718749996 0.6703703703125 0.2953125 0.6833333328125 0.2979166671875 0.70555555625 0.2932291671875 0.7268518515625 0.28177083281250004 0.740740740625 0.2703125 0.75648148125 0.240625 0.7574074078125 0.215625 0.7453703703125 0.2015625 0.740740740625 0.1875 0.7324074078125 0.1817708328125 0.7101851859375 0.1760416671875 0.6583333328125 0.1739583328125 0.6388888890625 0.1890625 0.621296296875 0.1932291671875 0.615740740625 0.1979166671875
3 0.7611111109375 0.1953125 0.7518518515625 0.22135416718749998 0.75 0.2442708328125 0.7379629624999999 0.265625 0.7370370375 0.2734375 0.746296296875 0.2802083328125 0.752777778125 0.28125 0.827777778125 0.2833333328125 0.85648148125 0.2703125 0.878703703125 0.2677083328125 0.8796296296874999 0.2536458328125 0.8879629625 0.23072916718749997 0.8851851859375 0.20833333281250002 0.877777778125 0.2015625 0.878703703125 0.1911458328125 0.86851851875 0.1770833328125 0.8416666671874999 0.1729166671875 0.796296296875 0.17239583281249998 0.7888888890625 0.1854166671875 0.76944444375 0.1875 0.7611111109375 0.1953125
3 1 0.1890625 0.9731481484375 0.1739583328125 0.9231481484374999 0.17135416718750002 0.8796296296874999 0.1984375 0.872222221875 0.2234375 0.872222221875 0.2541666671875 0.8620370375 0.26614583281250004 0.8824074078124999 0.2713541671875 0.9398148140625 0.2755208328125 0.9731481484375 0.2703125 0.9861111109375 0.2604166671875 1 0.25729166718749996 1 0.1890625
3 0.42129629687500003 0.4213541671875 0.3981481484375 0.43125 0.3898148140625 0.4390625 0.377777778125 0.5046875 0.3796296296875 0.5083333328124999 0.3916666671875 0.5140625 0.4296296296875 0.5125 0.459259259375 0.5208333328125 0.478703703125 0.521875 0.5111111109375 0.5078125 0.5240740734375 0.49635416718750003 0.5379629625 0.471875 0.5388888890625 0.446875 0.525 0.4328125 0.5175925921875 0.415625 0.4953703703125 0.4057291671875 0.4768518515625 0.40520833281249996 0.44351851875000003 0.40833333281249995 0.43148148124999997 0.4114583328125 0.42129629687500003 0.4213541671875
3 0.5796296296875 0.40052083281249995 0.5611111109375 0.4046875 0.5518518515624999 0.4114583328125 0.5333333328125 0.47760416718750004 0.54444444375 0.484375 0.5546296296875 0.48541666718750004 0.584259259375 0.48072916718750003 0.6083333328125 0.4875 0.6231481484375 0.48802083281249997 0.640740740625 0.48229166718750005 0.6583333328125 0.47239583281249997 0.6675925921875 0.4609375 0.675 0.45729166718750003 0.675 0.45208333281249996 0.6833333328125 0.440625 0.6833333328125 0.41770833281249997 0.672222221875 0.4114583328125 0.66944444375 0.39791666718749996 0.6601851859375001 0.3895833328125 0.640740740625 0.38333333281250004 0.6259259265625 0.38333333281250004 0.5888888890625 0.3885416671875 0.5833333328125 0.3916666671875 0.5796296296875 0.40052083281249995
3 0.7 0.3848958328125 0.6925925921875 0.39010416718749996 0.68148148125 0.4171875 0.678703703125 0.440625 0.671296296875 0.45416666718750004 0.6731481484375 0.45729166718750003 0.68148148125 0.45989583281249996 0.7212962968750001 0.45625 0.7416666671875001 0.4635416671875 0.7546296296875 0.4625 0.7833333328125 0.4484375 0.7916666671875 0.43854166718750004 0.8046296296875 0.43125 0.803703703125 0.4 0.797222221875 0.3921875 0.79351851875 0.3770833328125 0.7870370375 0.3713541671875 0.7796296296875 0.3692708328125 0.75648148125 0.36666666718749996 0.722222221875 0.3713541671875 0.7166666671875 0.38125 0.7 0.3848958328125
3 0.8388888890624999 0.3557291671875 0.83148148125 0.36666666718749996 0.8166666671874999 0.3692708328125 0.8111111109375001 0.3729166671875 0.8018518515625 0.39375 0.8046296296875 0.43541666718750005 0.8074074078125 0.4375 0.83055555625 0.434375 0.852777778125 0.4427083328125 0.8611111109375 0.4427083328125 0.8740740734375001 0.43854166718750004 0.8916666671875 0.42864583281249996 0.896296296875 0.4223958328125 0.9074074078125 0.4192708328125 0.9148148140625001 0.3895833328125 0.902777778125 0.3614583328125 0.89444444375 0.3552083328125 0.878703703125 0.35208333281250004 0.8666666671875 0.35208333281250004 0.8546296296874999 0.35625 0.8490740734375001 0.3546875 0.8388888890624999 0.3557291671875
3 1 0.34375 0.9879629624999999 0.3385416671875 0.9648148140625 0.3380208328125 0.9388888890624999 0.3421875 0.9324074078125 0.3526041671875 0.91851851875 0.3552083328125 0.9129629625 0.3604166671875 0.9074074078125 0.3770833328125 0.9129629625 0.3921875 0.9037037031249999 0.4166666671875 0.897222221875 0.421875 0.9333333328125001 0.41875 0.95 0.425 0.9574074078124999 0.425 0.9768518515625001 0.4192708328125 0.99351851875 0.40729166718750004 1 0.396875 1 0.34375
3 0.8509259265625 0.5 0.8462962968750001 0.5046875 0.8379629625 0.5223958328125 0.8425925921875 0.5307291671875001 0.8425925921875 0.55625 0.8620370375 0.5515625 0.884259259375 0.5588541671875 0.896296296875 0.5572916671875 0.9138888890624999 0.5479166671875 0.9296296296875 0.5317708328124999 0.9370370375 0.5177083328125 0.9370370375 0.5088541671875 0.9305555562500001 0.49375 0.921296296875 0.4848958328125 0.9018518515625 0.48072916718750003 0.8703703703125001 0.4875 0.865740740625 0.4953125 0.8509259265625 0.5
3 0.7574074078125 0.5192708328125 0.747222221875 0.5265625 0.7388888890625 0.5463541671875001 0.7425925921875 0.58125 0.7675925921875 0.5765625 0.7814814812499999 0.5833333328125 0.796296296875 0.584375 0.825 0.5703125 0.840740740625 0.5552083328124999 0.8435185187500001 0.5348958328125 0.8361111109375001 0.5135416671875 0.8240740734375 0.5052083328125 0.8120370375 0.5015625 0.8027777781250001 0.5015625 0.7731481484375 0.5078125 0.76851851875 0.5166666671875 0.7574074078125 0.5192708328125
3 0.6425925921875 0.5463541671875001 0.6351851859375001 0.5520833328125 0.6231481484375 0.5859375 0.6240740734375 0.6078125 0.6296296296875 0.6104166671875 0.659259259375 0.6052083328125 0.678703703125 0.6119791671875 0.6944444437499999 0.6114583328125 0.7203703703125 0.5979166671875 0.7416666671875001 0.5760416671875 0.740740740625 0.5567708328125 0.73148148125 0.5489583328125 0.7296296296875 0.5364583328125 0.7120370375 0.5270833328125 0.6972222218749999 0.5255208328125 0.6648148140625 0.5322916671875 0.6564814812499999 0.5421875 0.6425925921875 0.5463541671875001
3 0.5 0.59375 0.49629629687500004 0.6151041671875 0.4888888890625 0.6307291671875 0.490740740625 0.6421875 0.4953703703125 0.6463541671875 0.571296296875 0.6479166671875001 0.6009259265625 0.634375 0.6120370375 0.6244791671875001 0.6268518515625 0.6052083328125 0.6259259265625 0.5927083328125 0.61944444375 0.5880208328125 0.6074074078125 0.5677083328125 0.5944444437499999 0.5614583328125 0.5759259265625001 0.5588541671875 0.5324074078125001 0.56875 0.50555555625 0.5854166671875001 0.5 0.59375
3 0.3648148140625 0.6104166671875 0.35 0.6197916671875 0.3425925921875 0.6463541671875 0.340740740625 0.6796875 0.3546296296875 0.6864583328125 0.36296296250000004 0.6864583328125 0.3879629625 0.6807291671875 0.403703703125 0.6880208328124999 0.427777778125 0.6885416671875 0.4453703703125 0.6828125 0.4731481484375 0.665625 0.48981481406249994 0.640625 0.490740740625 0.625 0.48703703750000005 0.6197916671875 0.47407407343749997 0.6119791671875 0.475 0.5958333328125 0.4601851859375 0.5885416671875 0.4388888890625 0.5833333328125 0.3879629625 0.5953125 0.38055555625 0.6072916671875 0.3648148140625 0.6104166671875
3 0.315740740625 0.7869791671875 0.3129629625 0.8171875 0.315740740625 0.8244791671874999 0.32592592656249997 0.8286458328125 0.352777778125 0.8276041671875 0.36759259218749996 0.8317708328125001 0.396296296875 0.8291666671875 0.4240740734375 0.815625 0.44629629687500005 0.7942708328125 0.45185185156249996 0.7822916671875 0.4481481484375 0.7708333328125 0.43981481406249995 0.7604166671875 0.4361111109375 0.7463541671875 0.42129629687500003 0.7390625 0.40277777812500004 0.7375 0.36944444375 0.7447916671875 0.322222221875 0.7713541671875 0.315740740625 0.7869791671875
3 0.471296296875 0.7203125 0.4620370375 0.7265625 0.4509259265625 0.775 0.46296296249999996 0.7802083328125 0.48703703750000005 0.7755208328125 0.50555555625 0.7822916671875 0.5240740734375 0.7817708328124999 0.547222221875 0.7723958328125 0.5638888890625 0.7583333328124999 0.575 0.7432291671875 0.5768518515625 0.7276041671875 0.5629629625 0.7182291671875001 0.5638888890625 0.703125 0.55 0.6963541671875 0.534259259375 0.6942708328125 0.49444444374999996 0.7057291671875 0.48703703750000005 0.7151041671875 0.471296296875 0.7203125
3 0.5888888890625 0.6869791671875001 0.5768518515625 0.7203125 0.578703703125 0.7354166671875 0.584259259375 0.7385416671875 0.609259259375 0.7328125 0.6240740734375 0.7401041671875 0.64351851875 0.7390625 0.672222221875 0.7213541671875 0.6796296296875 0.7057291671875 0.6861111109375 0.7010416671875 0.6861111109375 0.6911458328125 0.6740740734374999 0.6661458328125 0.65 0.659375 0.615740740625 0.6692708328125 0.609259259375 0.678125 0.5888888890625 0.6869791671875001
3 0.6953703703125 0.6541666671875 0.6833333328125 0.6828125 0.6898148140625 0.7041666671875 0.7129629625 0.7005208328125 0.7268518515625 0.70625 0.7416666671875001 0.7057291671875 0.7583333328124999 0.6979166671875 0.771296296875 0.6880208328124999 0.7833333328125 0.6713541671875001 0.7833333328125 0.6578125 0.7787037031249999 0.6526041671875 0.777777778125 0.6421875 0.772222221875 0.6364583328125 0.7629629625 0.634375 0.7574074078125 0.6302083328125 0.75 0.6296875 0.7185185187500001 0.6385416671875 0.7138888890625 0.646875 0.6953703703125 0.6541666671875
3 0.7953703703125 0.6234375 0.7898148140625 0.628125 0.7824074078125001 0.6473958328125 0.7879629625 0.6729166671875 0.803703703125 0.6692708328125 0.81851851875 0.6760416671875 0.8351851859374999 0.675 0.8574074078124999 0.6625 0.8703703703125001 0.6473958328125 0.8740740734375001 0.6338541671875 0.8666666671875 0.615625 0.8583333328125 0.6078125 0.8398148140625 0.6036458328125 0.8138888890624999 0.6109375 0.8074074078125 0.6192708328125 0.7953703703125 0.6234375